10000
4020
1112
3956
3803
628
2249
9148
1699
8553
1703
8318
7898
5995
7077
4705
4805
459
8401
2042
9350
1228
5800
7364
3084
8061
2347
7165
7962
905
6560
1024
2847
3477
252
3932
4147
4850
2578
3199
1135
6300
7053
5475
1379
5638
4276
1363
6563
6943
4114
1032
9098
274
905
3972
9437
7571
1085
1274
7615
9183
5038
1258
6931
8506
6241
7976
8089
2919
9729
6586
9317
9125
7166
2509
5123
4323
387
83
1809
1753
7498
7455
3045
9859
5823
9027
7870
9525
1575
1985
7980
2642
4960
4712
1542
4842
6350
2419
5117
2685
4213
2699
6132
5563
2525
8161
2615
6346
1944
2025
1936
6384
2367
3428
5595
5450
5133
5981
8143
9901
7106
7013
4787
2238
303
9072
754
2817
2650
8543
1737
4639
3748
1818
7770
2700
8292
3667
4028
217
5032
3118
8196
3116
4074
4178
2879
9585
5521
6609
7512
2727
1039
2824
4277
4977
5803
315
2194
901
7895
9595
5095
5718
6171
1024
627
8266
9607
4124
7855
8632
1104
4379
4966
1340
1062
3768
7249
7325
6268
7274
3358
1556
662
3533
4652
9994
4372
3377
3244
7597
9950
9474
5961
9389
9720
789
251
1606
9221
6714
7140
9245
6049
4204
7520
9972
8699
672
7921
4857
8608
2595
9653
2602
8228
9572
1327
6928
5180
4093
7016
1531
7487
8498
7919
5512
6023
8071
3598
3030
9304
6751
9314
2005
1686
4120
9127
8921
5721
6814
6210
7623
9007
116
502
2073
6121
211
3202
5406
1140
6768
7513
5027
9882
7399
7098
8723
736
3908
8250
7959
3023
4300
2807
8663
5097
186
3689
2019
6678
1843
9775
4519
8851
7064
5438
5184
2673
5540
4892
6510
9453
1323
5706
3068
5570
4257
4663
913
9555
5781
6914
5894
6814
603
2165
7891
1992
5619
1528
3264
8836
5752
3059
8647
797
453
4108
1014
6035
2936
6781
529
7466
1249
4747
2720
7677
6262
5607
4285
5421
9327
5417
1716
7975
722
7323
9972
845
8321
5012
1848
6440
941
7521
5927
4551
9323
8935
3201
9559
5621
5629
136
6193
2097
4192
5697
500
6825
4108
1363
8497
4266
4920
905
3915
7010
3796
4659
3587
3523
27
4544
3515
2581
6086
5774
1416
8575
6492
2165
3007
2059
2901
1184
2363
7827
1810
2161
1760
7309
4757
6706
1568
7548
6487
8477
6277
3864
5106
3967
5761
6087
4202
5126
2616
4307
4649
1941
5478
1287
3091
8528
167
3861
6134
5954
1329
8236
3420
5821
2918
5295
2158
5528
4260
3413
6319
6176
7588
8208
8606
1419
2572
1348
194
1861
6410
4950
9569
3936
4880
1232
4456
7762
8358
1492
6933
1694
1863
1454
408
4774
3758
3891
1066
2942
9
4023
1621
4975
1095
6421
3080
3142
8199
7085
6841
7078
5363
2938
7902
2787
7423
9046
8239
2057
6808
6994
1836
3797
4285
505
7715
8182
778
786
772
2865
8330
7417
249
4902
4632
5557
8988
1811
2893
3878
3311
8389
1935
3682
6550
7278
7628
1876
9329
4842
4897
6718
816
5832
7346
3691
3680
8182
890
2236
8478
5175
8306
655
3913
4951
8418
9161
5579
1670
2970
2285
4790
7955
9361
1068
6931
6929
2232
9309
308
5749
5421
9735
5480
4875
8208
9793
42
3001
1349
3224
7353
1650
5396
2576
5181
221
7171
8814
6752
5153
977
2342
8596
3710
2613
3264
7529
3173
8404
5819
2300
1652
79
8289
3634
3097
7858
8851
7139
2278
5432
3817
1714
4698
5141
3506
6853
3503
9229
2178
7811
8660
2822
9408
8156
3778
4147
730
4734
7398
2572
3103
7557
9436
123
7906
201
98
2145
6104
7783
9005
2835
4294
6586
8171
5721
7105
4984
8756
6433
6207
1824
4097
783
2428
2323
1220
1411
2466
7525
2312
6366
423
9184
5322
5946
4974
2121
9923
7511
3704
997
3376
5803
7903
8680
9544
2118
5284
2640
315
2329
431
8324
5907
2714
8868
472
8381
4844
2670
4370
6851
7432
3500
7513
661
5380
7667
3574
7176
1153
8442
2763
4073
4344
4690
1673
2073
2487
554
5543
1552
3529
2378
4581
5952
7268
4264
3667
4856
7470
6482
5757
7440
3454
4674
8464
426
5901
2967
8498
4298
337
9193
8039
6299
6632
9181
4423
7818
2060
9119
9274
2544
4301
2159
8771
1155
7389
4980
3207
1561
688
7731
1552
9185
5925
4146
6198
4607
4365
767
2060
3590
3307
8576
2665
9106
2517
5284
1976
6290
2795
4180
8395
1206
8798
2244
6756
999
7337
6944
4790
5478
4429
7955
6112
474
9294
593
2173
2800
4676
8218
3269
8778
2588
2008
996
5404
9635
2893
7265
3214
16
6709
9773
9160
2226
4571
3884
237
977
7539
1910
1051
9768
3387
7401
9464
6154
1837
9146
6922
9881
5152
3558
6506
8093
2168
295
820
271
32
362
6059
9069
5469
5963
3923
9612
6510
8472
2570
3070
9855
5192
7811
9635
9
5527
2033
8598
1998
5522
6304
2373
8464
3100
3155
2428
1789
4101
8095
264
9032
1957
8885
3870
3342
1705
4204
7306
7946
1746
5558
6268
2999
591
4148
4381
5754
1502
630
3617
1024
100
8936
5867
5342
9418
1664
5547
836
6162
6033
4802
4900
7735
8762
9522
7284
1190
6430
6168
6304
4400
2444
749
1933
1366
4891
7717
7349
8825
352
8181
2966
458
2296
4070
9739
7759
6880
360
619
9975
2037
1305
3087
1926
8032
8144
4772
8748
1428
9184
5056
8746
726
7312
7353
4065
6782
621
720
1657
3469
4147
6386
6349
2972
5582
2246
5668
3315
5993
2545
1272
238
3607
6132
7377
9408
2659
1505
2855
481
4598
5648
2623
8188
2894
3799
5254
3359
684
7890
6180
1193
2342
9797
8852
355
5589
4382
2481
2730
1467
3724
5046
5400
9428
9789
2423
821
6789
968
1503
7643
4426
6789
3669
4902
8260
9512
570
1907
5969
9078
9098
2496
2004
7452
6172
9819
1768
9590
9703
4481
9642
2198
3669
3946
9907
7810
702
548
8177
1602
8771
7157
3168
1310
7207
8550
1214
659
9797
8796
3588
487
5468
3359
5980
2317
4302
2453
3632
890
7631
5617
8691
696
3033
3668
5709
7757
8385
8987
641
762
5027
905
9919
5375
180
2025
3424
4212
7521
8770
5295
5496
8144
8489
9869
6714
2073
3590
2416
3746
335
8615
3554
6779
1152
5577
59
5715
4369
9060
65
6756
6588
3695
2672
4470
4914
8667
229
6079
9168
5253
2072
4694
8672
8100
8481
4577
426
2882
4425
5200
6951
7355
5740
5231
2471
51
6603
7256
4540
5303
4552
6559
4569
9411
7411
3893
148
5639
5207
4006
4251
254
665
4848
8897
2629
1536
9002
639
8378
2961
6667
5304
6362
4522
3885
6114
6174
5859
4045
8920
6049
2815
2246
6623
5869
1946
8315
4322
3810
3920
3100
4897
2541
5072
1577
2646
5967
4388
3335
6607
252
2605
9601
3340
8128
3874
5585
5422
7836
6616
402
2448
6899
6444
5788
3405
3177
579
8691
7062
8195
4998
7438
7183
9115
3940
9991
9565
3340
2035
7553
6812
8292
8505
940
9143
1966
241
2164
8261
9207
5406
9804
767
5854
9391
6242
5795
1491
9910
989
8122
3506
4854
5096
5099
6833
3046
2691
2891
6220
8133
1084
6800
8665
3392
869
6322
4406
7573
0
1956
4678
2736
1536
4523
2499
2667
536
3498
6469
223
1880
2278
2733
9453
3222
9655
2064
6020
9024
732
8403
5040
3394
5013
8791
1427
3991
1063
537
6052
523
8610
8749
3723
7666
2133
9272
1575
3055
1574
5735
523
1626
4034
7610
4324
1537
90
8047
4716
6936
2033
565
1151
8381
7876
4547
3634
6223
7386
7144
9343
6556
6731
8075
1468
1795
7543
5350
325
6337
2827
7290
7418
2947
9863
6223
4740
9742
7489
7049
5160
1988
3466
8573
4762
9509
9487
8234
5243
8898
8183
5269
6721
6376
7341
4471
8912
1763
4685
8368
7593
1428
7374
8145
768
2208
8912
9611
9408
6326
5672
905
952
2524
2452
4865
7173
1687
4499
9991
3571
4055
18
6872
9475
7417
2126
9127
8132
1711
2733
6583
5096
8729
3792
6720
1030
7291
9279
4134
6833
6938
7429
919
5780
24
4456
3316
3370
1177
4054
4215
3431
2427
5463
6915
6501
5555
3527
4690
5106
7595
2639
2751
6506
1698
7806
7545
3602
1529
9580
762
9503
1846
3591
7964
1035
4275
8598
5441
9642
7040
8660
7835
3444
1213
5834
8776
4249
2219
5761
2499
2819
7876
3270
6339
7008
2120
3325
2746
8678
3561
9439
9536
8370
2459
1107
9340
5458
4225
6651
9589
3262
5404
5192
526
1256
4457
7264
1919
7952
5954
8187
7368
3288
4599
5871
804
3889
2992
1768
8140
374
7525
747
3587
1620
7597
5926
2838
5678
1336
8704
2411
6670
3435
5134
9315
9261
5870
5217
6445
6223
6053
509
8765
5063
5073
9183
4971
7449
7572
4246
634
2367
3804
7319
8080
5413
3527
1198
3141
7223
3862
4813
2292
7601
8544
5652
8180
6735
3189
7661
9588
8953
4458
7014
9311
1941
4187
3525
787
7648
1481
17
1429
5159
3339
6024
8972
9726
5685
6104
9740
2878
853
4537
458
1462
5757
6701
6612
1875
1340
1644
2228
3635
7333
3237
9134
9436
1348
6449
6354
1491
893
8321
4788
10000
7781
8651
6212
2158
752
6734
3385
1846
5761
209
9237
7740
4170
5704
6205
1968
7421
6822
9020
8876
3332
6983
4457
6922
6224
5372
9877
7573
3642
7689
2281
4018
7108
1437
435
1149
1625
8911
177
56
8406
120
1329
9451
2808
748
8726
8589
4600
6115
7457
9779
123
6311
515
9115
43
9778
8679
7847
6342
1693
3532
4521
5896
594
2698
2006
8594
187
9160
1307
3757
6976
8943
5490
7918
6076
1029
285
2691
3961
164
2513
5199
1157
5348
3178
6192
3113
9685
8596
8321
698
9553
7202
7911
4195
6658
1241
133
8017
8610
5084
3425
4909
8817
871
6044
6291
1836
9608
6998
2966
3205
6968
4958
6359
6694
6444
3588
477
4236
9538
8379
922
4653
937
9387
4674
8081
5392
8426
486
3331
3292
1974
8420
5191
5009
1443
8587
6046
3127
991
4484
2987
4262
2139
2808
9266
6103
1624
6250
485
9789
8773
6042
6860
8443
9179
1481
9556
4495
1707
1288
3030
2433
2605
8143
8287
1785
4440
8850
7389
1152
8585
778
4572
8735
7376
3298
2072
359
3260
6144
8436
4692
9240
4911
6399
4694
6399
2793
6382
5148
2549
9718
898
3437
6995
5324
1275
8492
31
1318
486
8562
9450
7837
3602
7944
3290
9235
5646
829
8944
9965
4037
8199
7268
270
9009
8445
3701
5406
9753
4864
7999
1252
1075
2396
4912
4185
420
1147
2770
9318
7679
7873
8272
6745
5227
2119
368
5467
5940
1775
555
4600
194
9370
5373
6695
4064
3950
6130
9257
8678
4787
7403
4913
834
7092
607
1218
3359
3114
2470
2374
5707
3803
6182
4597
8286
611
3096
5475
4545
3996
1106
5965
7047
8231
3246
9913
1394
7989
7042
5058
4806
7900
3490
6507
7999
3718
652
3521
8889
3860
7551
3037
8159
2711
773
768
6031
4788
4698
849
939
5732
8174
2734
347
1891
3330
9090
2786
7023
871
7527
2690
9530
6971
4614
6955
6457
3322
2101
9492
8678
1319
1871
4496
632
5427
5188
6713
9415
5391
3024
8317
4284
4900
9221
9629
9390
4112
3843
4176
7258
9045
5511
1153
1271
8327
9164
3585
5955
5167
1881
282
6065
2872
7316
4898
3203
3745
243
2246
4102
116
8896
4391
9750
6493
7381
1659
9540
1456
1447
4390
8943
7162
4526
7828
627
9597
8642
772
4530
9658
2927
1554
4552
7305
9235
1935
654
5677
6948
4403
5217
2050
7280
4855
2076
9886
4039
1760
1224
3674
1995
8706
9295
3836
1627
6654
6630
506
4197
6808
5992
9242
4309
7300
6185
9514
2402
8253
2475
5128
6767
4340
6011
4697
9786
7138
7468
765
1999
7235
9824
6238
22
2872
1212
8331
7369
3289
8595
4720
6238
5694
825
6983
7412
7805
7525
4945
3077
9312
7162
2531
5556
6130
6683
600
7246
2393
6014
9628
9405
9162
9037
6873
3648
4364
4913
8654
8692
398
3954
7262
6257
6036
4237
1024
401
9285
2353
4369
9415
5336
1340
6006
7771
4257
8947
2582
9726
817
29
6706
7522
957
5402
5596
1663
838
2223
8192
9871
971
5352
3311
1575
836
7527
2099
1871
5800
8968
6162
4511
4866
3781
8198
1543
4890
9666
1125
1228
8754
5745
658
9064
7991
2732
1413
7614
8370
9663
8188
8089
3501
1787
3871
8614
7273
2556
9003
8785
6197
8081
4569
6442
1171
1527
6165
3763
1093
7486
9526
5342
9157
3829
8578
4725
6791
2093
1041
4658
7196
10000
4832
2634
7984
3166
1568
3242
9565
6169
2117
1913
4777
3983
4854
9622
9256
8658
2184
9159
1304
1569
5209
4739
3110
210
562
2904
870
4158
8364
7015
4822
3173
8752
5274
6298
2356
8933
1009
5682
8211
8815
3694
7759
5487
8280
1700
3467
8431
6548
1363
9528
4087
8335
1185
9411
6915
5188
8198
1399
50
2164
165
444
2266
1460
2395
8643
4970
6838
8354
9350
4148
4207
9876
5219
8856
1505
2793
3281
5239
3727
2491
911
6722
6206
5401
491
7324
1437
3087
9166
9481
3885
5995
4077
8715
2030
9336
3885
4819
7890
4561
5453
9635
542
5522
1535
3101
8922
1486
4895
3180
7786
1174
166
545
4438
5011
5845
5834
3963
8938
9061
118
6656
3620
9852
6939
6542
9654
2120
2410
3231
9091
4693
6176
3835
4940
3367
2499
3497
7542
2087
5904
497
5132
6638
8919
8759
5600
7443
6284
9166
5063
1254
7459
385
546
574
8862
5439
2715
5116
6986
4976
6982
9725
1309
2379
2119
7996
3056
3735
4071
3524
9449
2240
8785
3736
8004
5335
7873
331
3197
8365
5406
401
1655
4391
2611
3678
6163
3709
2125
9026
1980
4836
6668
6509
1726
4138
989
3789
4291
3243
7961
7604
4288
469
1955
6906
3060
9476
3864
6156
7951
403
8019
668
454
2849
9935
8965
4030
7157
819
5499
3844
9167
7077
4716
4263
4063
3322
7806
85
8738
5089
7451
5160
7416
6603
5311
2314
379
8086
8018
4698
9471
970
328
3439
2173
5189
165
1178
422
9786
6620
6804
4428
4132
8192
7279
9711
1531
8345
9865
5476
466
6729
5214
7944
1920
2444
3076
1125
202
8182
6320
8762
1177
9778
42
2653
5133
5586
2795
4697
6393
995
1716
3239
897
6225
7830
4144
555
365
2210
967
4577
5496
9919
3146
371
7691
1922
7258
8319
9694
9221
9167
3963
8113
5164
4413
9648
1466
7988
3388
8147
650
247
6703
7166
7054
9042
9466
1925
6839
306
8786
3544
8551
7949
6499
7548
1399
6938
790
3983
3624
1223
4050
159
6629
1213
445
2649
7187
8193
6507
5816
79
3391
9633
9209
8019
6810
8017
852
189
8168
6464
846
2742
2167
1460
7212
2942
7920
9619
8728
2947
6291
8040
3432
3569
5302
1708
525
32
964
6689
8222
1298
7302
4662
10000
470
8196
7064
9437
5754
6994
9003
2968
7726
2717
4028
819
2237
6514
5822
7928
9428
6690
1451
3024
5770
8293
9122
2162
9254
1661
6197
3895
6545
5417
4785
4029
9687
3190
7929
9456
4634
81
1058
5104
9486
2678
4731
9068
1817
4616
4334
820
2145
8721
5520
4070
4449
5064
5000
5289
499
1650
7761
9371
4161
7206
4794
5304
2470
3181
1901
9897
9276
5224
3419
5869
6830
5194
7344
3999
2258
6590
8055
9517
8673
9152
3354
1784
7593
8737
4928
3874
7065
5292
8919
1301
3390
5625
7503
4115
4257
611
8271
1369
8497
2230
2347
7868
348
9003
3377
5427
3310
3026
8342
743
1618
7086
750
7418
6223
5880
4275
7488
129
1451
7270
2235
9007
9699
8535
489
8155
5496
8268
2514
68
6771
3240
1122
1187
3071
3428
4184
2348
9070
6668
6684
135
9917
7290
2742
2515
9557
8158
8265
1688
8860
5559
6033
2633
3699
6453
1343
1566
8395
5733
7340
6084
7270
2232
3103
5310
328
5244
6914
8268
5851
9819
7991
6965
1615
1885
2155
717
9094
3463
7199
5597
9419
8468
1586
4333
2442
4887
7741
2162
7524
8135
9092
4766
4888
7775
3093
7762
1388
8379
6741
647
4956
5092
9273
8894
4571
8546
6829
4432
3606
5745
4705
2404
7782
6562
5194
3894
2069
7611
9151
1534
4110
3256
5815
1475
7952
7262
3898
8318
4064
6797
1434
6739
2618
5426
4104
7011
4712
5571
9740
2422
9485
2185
8569
9365
7300
5852
9813
8519
1103
2338
9335
7663
7799
5444
6805
1765
9146
31
9789
193
6054
6451
3312
4614
8304
4674
1228
9803
7173
8178
2861
7049
8237
6277
5269
8819
6629
6530
7197
6795
5137
7363
1394
2835
846
1787
1251
205
8242
61
5544
3311
5468
7377
7311
7850
8166
4457
9903
7199
8119
7281
5743
579
9279
768
5465
9117
3391
5862
9620
213
3834
3970
9878
1874
9870
7243
3795
6579
3685
4268
8302
1399
2629
4591
98
43
8861
3777
4162
7190
3740
9080
5754
7170
5136
3279
6684
1990
1368
6693
668
8372
1496
4044
5745
6989
4379
3158
2812
8160
1889
2010
3537
9181
14
1207
2026
3478
2652
1888
3220
2464
5621
3332
1353
356
7329
3152
387
7584
8354
9757
2772
4590
848
1752
279
310
2361
2214
1081
7060
1747
3892
456
1548
4259
9823
8377
6611
4800
8444
4846
4919
1446
4402
6271
9014
7110
5221
5934
6879
4299
6140
511
151
6270
9036
8231
502
3533
781
6298
1912
3546
2131
113
2700
4245
5411
1009
1778
5551
2022
8553
8387
6937
7263
5060
5275
81
8083
6108
6823
6566
6977
4212
1601
2375
8489
2227
2704
3351
1097
9580
5400
1798
8477
8191
9847
8715
2994
2070
3288
7143
4060
8371
840
7392
1485
7585
6564
6243
3498
7464
92
1899
8986
3259
5946
6356
7154
5031
4682
4003
7350
8549
7745
9671
4263
1769
8074
5828
5309
1250
8168
8810
7963
2958
2852
5266
4848
6777
3179
4764
7659
8949
7610
2713
6293
1513
7925
3516
7265
6951
2434
528
9003
6296
1818
4117
1636
4365
9428
5402
1148
6747
6193
9865
4299
7672
4672
6120
8095
8407
5329
730
3684
3920
6195
4941
7776
9710
7370
4847
9990
2559
6777
7596
4768
5730
261
2444
7136
9273
9715
5926
2383
9178
2205
838
5022
5938
651
3921
625
2216
1779
8070
7638
6614
1030
2734
6195
2984
5568
5169
7878
6200
746
8617
4513
3891
2431
8742
6038
6946
3851
5455
2756
9117
8248
8188
5314
723
6782
5340
9359
1757
8592
9920
4068
2150
5935
1977
2056
5101
7966
2007
3958
4906
400
8514
5613
14
5953
3029
1903
7342
9109
2204
6776
2855
5780
8684
866
3968
4685
8477
6816
8607
5895
9321
3367
7888
4932
9205
7216
2400
1274
8505
4462
4814
7044
7708
9916
3015
2370
4671
2344
1133
9577
3133
4455
4686
7916
1326
4814
7933
7015
3300
4500
9004
1183
2459
3786
9863
7780
4780
2543
6876
2749
5767
8052
5707
817
5849
1412
25
7644
5002
4612
2672
3804
3734
4142
6934
2910
442
2063
5832
9680
5627
1862
6510
2922
928
6207
1789
4135
9580
4958
434
1656
1521
6309
7509
9200
3829
9821
8031
8880
6854
3971
2892
2297
4114
5653
4922
9441
6861
9276
3902
5509
8660
7710
1169
370
9235
3110
9242
9935
2591
6156
5793
2388
3602
2430
7336
3736
6414
4180
8765
9048
4545
7067
8572
6437
294
4247
939
3112
4313
390
4816
3414
5002
5056
841
1064
6046
9868
3721
6845
8459
2107
377
2550
3958
8440
5284
3390
9843
966
1010
8052
9854
6433
5258
7273
1762
1555
1699
8314
2987
6371
5888
7326
333
3414
5592
5949
7965
7214
2206
2018
8909
9555
5899
9049
1206
2513
7059
9018
2205
181
2021
4118
3931
2612
6105
8443
5352
6759
8494
8610
7484
7922
7431
509
5322
6954
1692
7771
4107
3811
2632
8028
7311
9133
6978
4528
3849
4320
4388
6235
8576
2173
2173
2964
3489
5046
7409
9191
4505
8559
1608
2094
6105
7942
2517
4055
5059
773
2506
2077
8702
5192
7811
9217
122
4840
2903
5563
3108
8990
3183
9555
9129
8090
8812
3171
7677
9156
3604
6945
7059
1281
5246
2572
5738
6859
5363
1784
9681
1291
660
125
4854
835
3571
571
4899
660
2039
8567
8906
8979
4125
5771
4251
4971
6168
3555
3763
518
7054
2477
717
3775
6210
9329
6420
3332
2985
4591
8444
6381
3402
359
9009
2988
7709
3889
882
6991
363
796
2677
599
1313
3933
9715
1839
9720
3456
1379
5549
4307
7632
2803
9805
6746
6178
1787
2558
9022
7658
9135
2301
5581
2469
646
8897
3505
4678
6117
663
5974
9183
7563
278
1682
7150
2116
3955
2533
7350
6114
4779
9922
3700
169
7023
5427
5524
5439
953
5008
3975
9171
1201
7638
308
7658
8838
5629
3700
8954
5811
7149
5675
4420
3221
5223
5689
1460
3196
7891
7365
3152
6979
4498
6367
6002
6456
6855
1746
2316
1921
3941
8418
3176
1094
9389
5042
7924
9310
33
8641
7732
10
2967
2666
9374
2277
8385
7694
1500
2311
1829
5789
9316
1765
1304
7634
7930
9822
3409
5238
4831
6457
2269
3904
5849
5993
4627
8394
9279
4925
4467
712
506
8472
5301
424
4093
3160
8664
9790
7801
7608
4322
6167
3102
2055
7625
4270
7345
7946
8115
3303
8900
3831
5080
2400
2092
6352
8816
9422
562
1406
9852
9081
5738
9444
4159
8253
2580
6762
7978
3992
9476
370
7982
5501
2487
7767
5597
954
6700
9155
4161
4476
329
3437
4888
5923
385
1712
6186
9038
768
9832
5179
8408
607
1450
9756
90
26
4851
9871
9032
4663
8426
5790
7813
5291
3616
5703
7100
2883
7203
282
9541
3419
3732
6676
2295
9928
1216
1503
4092
2300
4572
8203
9655
6069
6439
2957
1435
9732
4068
9838
279
3938
603
8768
4664
6144
8211
6859
5578
791
1315
1697
2780
2291
3286
5287
33
5576
5370
4841
671
9875
5039
7550
4023
2951
9630
1862
5279
6264
2915
2052
8605
3631
9044
6107
4866
8200
2403
6283
6069
4695
4221
6354
9832
9751
1810
5434
7671
1645
5255
1262
1205
3620
1509
3454
8466
9279
9309
5123
9075
9625
1085
1947
6320
4536
1576
582
2761
4389
995
3213
7291
6538
4300
129
1311
511
5097
288
7620
9889
7345
8207
2971
6709
8853
1701
4660
2431
4375
9439
5904
4773
6774
2055
6471
5524
1362
7268
1031
7890
4115
4766
1155
8689
7573
7473
5292
2604
548
1517
8709
579
914
8598
2148
9045
7833
4161
4349
9462
7177
5256
4869
8200
6927
3293
6574
5795
8939
6052
8019
5004
5896
1353
5536
829
330
176
7528
3591
6774
6551
6946
6306
5993
1326
220
3292
111
3334
4700
3601
752
5234
5862
4845
4049
3291
8409
797
8717
299
1444
8443
2811
9621
4413
5725
4838
1749
4795
9362
2185
9048
3982
4172
4645
7765
7449
3033
6074
2457
1312
2893
222
8397
1488
4743
21
3874
413
5579
1486
4528
6233
9984
1468
8224
6369
9303
2184
9777
2453
6134
1934
1850
8621
1444
4959
136
689
4662
6020
1674
3073
7591
6601
8160
4618
9890
8144
2933
5705
3753
7028
5729
5956
1258
4298
9064
2920
4094
1003
5586
4380
3995
5359
1793
3284
894
1536
1128
2578
150
5756
401
7522
4783
399
5981
3764
4463
7689
8314
1548
7544
8365
3299
9405
5120
6107
6489
9263
1215
6197
7656
1804
2612
6679
2170
3850
2341
6872
4724
924
3928
402
1263
9083
8837
7135
9056
8379
3323
4772
6159
8091
2360
3440
2017
2491
6382
5884
8101
6029
4978
3181
2446
197
6772
4199
237
4438
1444
2198
9801
4068
3947
7374
2127
2675
7467
2230
4298
4328
8317
1581
4531
114
6240
6784
4081
6506
3232
7592
9692
5218
2253
7298
672
3283
4177
2466
1330
6766
8448
8482
8877
6378
890
4018
2959
7183
8982
9164
2607
8685
6425
7348
2557
2703
281
6512
9958
9143
6553
730
5949
3418
4164
8392
2557
8299
8728
2092
9941
9731
737
6023
7989
8844
5179
2975
5701
5170
4497
3021
9805
4361
8151
4473
7878
349
7100
8432
4466
1087
8467
4146
5872
1013
1438
6155
3214
3821
8418
5586
8508
493
2824
2287
6596
3133
8364
5256
9121
8488
5253
9611
8238
4398
3148
2578
2842
13
368
8353
4035
2652
7215
2330
6552
735
5678
5423
8227
3702
1226
3242
2481
5789
757
710
7379
8874
2366
4383
186
8072
2476
2846
405
9364
4248
671
9809
7306
8608
4025
2256
771
7399
5681
263
6849
408
1005
3173
5046
8100
8823
405
9121
1624
2415
8113
255
413
2582
9911
7254
983
5060
6650
8109
7352
7255
9391
8126
2488
2657
6444
4846
3625
1974
8695
7654
962
5678
6438
4587
2969
1687
2431
4687
7982
1160
9499
8033
1886
4326
9998
8573
3257
5496
3074
2358
3708
88
5402
5179
8192
6741
7463
9705
8989
8429
6215
3235
3015
743
3505
7579
6045
9000
7049
2803
364
9321
1835
2340
3306
1832
6812
3222
4376
2325
7006
353
9140
5107
1861
6869
6368
7681
2400
2465
6533
4930
6996
9432
7665
9990
2034
2997
2439
9890
4559
4714
5643
8978
1842
1502
3662
2390
8511
7792
91
6934
5515
860
7
5564
2988
7930
9574
760
4318
163
2537
9522
5763
755
8557
8071
7416
8709
7812
6079
549
4990
9147
8761
9404
8934
2236
9115
6518
5537
7703
6711
1213
9886
9488
8773
2133
9562
5447
2623
9773
1413
4899
2587
2329
798
6221
8039
9123
3395
7333
1155
4997
8074
4249
8824
8345
8292
2217
9667
810
6423
9945
4856
8534
2115
5289
2386
7716
312
5516
9801
2908
5887
816
1793
6159
8721
6490
7883
1517
2176
2209
6037
9533
4558
6721
9896
3973
7438
6449
2443
9060
7250
8757
7908
8418
988
1517
5342
9208
74
1395
4386
1731
2298
3394
6726
8001
8766
4331
7740
9794
4809
3855
5202
7989
9883
1216
7388
9969
2291
9220
8159
9675
453
4450
1311
3935
8992
3469
1886
9067
8942
7478
8729
2509
8486
8407
5650
5214
4549
5745
4592
1168
4628
8335
5996
8791
1154
3952
6974
4214
2922
4648
4160
2876
7077
2594
6371
6821
5037
6756
8922
59
661
2837
4918
9092
6281
1494
6584
3840
6869
8266
392
6433
1828
9064
6699
5071
9291
8359
7709
4738
3548
7151
7256
8060
3483
6059
5555
9261
9917
3468
2306
1685
9240
7832
3894
1875
294
4391
6813
2701
4946
9159
687
1726
7200
9599
3583
4979
5713
7124
8231
2183
280
3332
5996
6769
9564
6412
7141
6830
7737
8185
8141
4184
7444
3320
2292
6440
9783
2906
8487
3168
4188
1249
5290
2624
709
6439
5958
9948
4621
8020
3677
5673
3784
1541
2992
5132
3766
8073
9207
5481
3454
392
6426
1271
9323
5179
9874
2138
1278
3283
7956
6887
9233
9977
6567
5384
9382
4666
9370
5889
8361
8612
9291
3919
4403
2490
9865
5599
9839
7477
9193
1964
1218
810
572
6610
3728
1310
206
6536
3091
9311
9511
1586
7340
2782
10
7627
8694
6502
4097
9372
7086
1910
8246
6913
4856
9265
9464
7647
5460
2577
6926
4295
7711
5005
3676
150
6029
4841
2896
8525
143
9908
6427
6904
7961
8161
876
5776
6545
1359
4749
4413
1083
8110
4299
4249
4899
3554
4268
6876
3778
9760
1504
5074
9072
9065
5916
2395
9451
7730
22
5602
6672
1486
868
466
6495
1980
317
1227
7425
4715
8051
9007
4674
7241
5417
9940
6128
3052
4919
8790
8489
3693
3625
9967
4193
9652
758
1421
5969
2521
8959
7796
8958
7738
4419
2250
7040
801
774
3492
280
1228
3297
4679
9168
6929
7147
8170
9816
6389
5400
3067
5423
9174
8002
3562
111
3936
2859
5775
1899
9096
6592
26
7163
3707
7283
6296
7783
423
4340
6826
1096
8934
476
782
1002
9390
2789
8849
6890
4511
7998
8641
4534
8761
9202
9915
5056
8907
5946
4645
5864
8583
7077
8842
9205
8619
4653
4732
8094
7915
9681
5962
5408
1335
4707
8321
339
7146
393
8750
7348
5926
4819
7225
9351
2365
7103
375
3942
5144
9422
3419
8671
6229
6128
1560
4139
3352
7379
7644
6215
4830
7628
9361
460
7759
5679
3886
5290
9020
8345
8730
7893
6888
5190
9112
1117
1997
5323
2185
8495
2701
2390
3629
7250
9552
2321
82
5018
451
8772
5014
3575
8092
4013
8199
8699
7701
1583
6550
7949
8411
5169
9496
1227
3112
9407
8017
4417
329
3682
6761
8206
868
6713
8302
6126
9144
3375
7879
5703
1444
3464
6134
3841
977
7881
651
6475
9308
4289
510
6486
1156
7208
4762
6607
2981
427
451
6418
6340
5717
1074
6645
9813
9324
9298
2351
7698
9020
964
4810
1531
6431
5783
5610
9996
7462
5274
5453
2483
9724
8763
7984
1233
5374
5995
8042
4563
5514
4407
6833
980
4211
7473
1481
9051
2222
7173
1106
705
6646
1731
1843
554
8824
8158
8289
2998
6056
2931
3423
1754
5661
7644
4975
5872
1151
8548
6475
2604
1348
8769
7240
7412
2143
2970
1735
2819
3568
3566
9193
4645
9907
7565
9028
9836
9095
8686
8263
3268
8637
5093
3624
7501
978
3623
2636
6916
7183
459
7120
873
4024
2821
6296
7638
40
9979
9594
2253
2823
7238
7232
3446
389
4196
9348
8768
2776
1251
893
4737
8018
2314
5843
4636
84
243
4038
6042
8475
2429
5117
4787
7976
3095
2055
1422
8596
8598
4877
4612
3933
9496
4525
9230
6742
5359
4753
3805
5472
4535
3689
4219
1407
732
7610
5101
3661
5919
1221
6930
3087
5292
2491
8022
9420
231
7897
1602
4258
1182
3024
4852
6251
132
4457
9065
4977
6825
8433
8986
4977
6593
3459
8895
346
9102
6134
2539
8396
9962
341
7509
3764
3085
3758
3970
6343
3673
5517
30
8083
4780
5289
8529
5617
6079
108
5446
1078
3600
8531
1449
564
1577
9556
7669
5218
4700
9884
526
4918
3884
7294
2819
4113
1370
4169
2684
4387
3780
4292
1044
4623
8666
3582
9846
3298
4139
3065
8665
1810
1752
8059
4544
4236
1779
2633
6380
1754
6761
8822
4630
1171
5702
5367
2207
4368
7679
9720
7558
4632
1222
2801
5249
3858
641
6375
8008
6360
9289
3222
1192
1536
1572
3358
8628
6411
1279
2351
3600
9613
9645
1692
4113
2441
1566
4269
7384
8714
3793
9222
2320
513
9598
992
7875
275
5610
6970
1761
564
3430
7713
8706
5819
2621
1980
5873
728
7459
7862
608
9683
8196
5701
2655
2034
5848
5754
2137
1530
487
5728
9832
1572
7390
6799
2066
9327
7334
2528
6647
7543
5970
4599
9269
8018
2048
3616
7081
3669
4388
9349
4152
1251
3017
1643
6627
1964
4017
1727
2220
9611
2852
4246
4777
5603
5863
6164
6296
2627
52
5688
8719
413
8136
1373
5272
1790
2584
8579
8852
2737
794
7795
2866
7637
3220
4649
2252
460
8340
5869
5490
5546
3834
3492
2445
1159
5768
8387
2521
2907
5287
7626
2609
950
72
7013
5660
7158
7955
5031
2352
1429
7278
1151
4546
64
376
2108
6633
3895
2605
4022
21
9305
7645
4034
8375
6581
6916
8258
6627
8579
1005
2748
7894
4719
7471
3719
5585
2551
6014
5515
4900
9529
6081
8518
1532
4283
398
4917
7419
4398
3406
153
2951
9405
6467
1108
2837
3409
3251
2824
5687
368
200
665
98
5275
4504
5234
2694
7045
7679
6663
5407
7188
3561
5440
649
1515
8392
6369
3350
1703
9135
7530
5928
3487
4744
5663
6000
1051
1926
9924
8484
8672
8524
8973
1551
3495
2408
5124
9758
6642
9987
4841
1418
7857
414
5945
2978
6132
3166
7262
4942
6500
2274
5669
1493
2225
6614
574
7305
8499
4894
149
2673
4036
9985
8526
4094
6714
1529
178
1309
4015
4220
9897
8572
543
1765
804
1535
3288
8055
5601
6606
1417
2255
72
8453
3367
6504
3182
9384
4160
8486
764
3934
8338
6883
7643
4202
5040
5412
2272
5584
7286
6806
6741
653
4691
2460
1798
2516
1519
5555
2641
1820
1995
4266
7136
5980
1267
804
3541
6807
2792
4021
5793
9542
3199
8607
3782
7083
4203
8181
2649
2384
9026
1826
9625
778
8738
4398
9985
7982
399
4662
5588
5633
6643
8178
7727
9161
3944
3145
966
8422
6650
8346
7318
8903
707
2429
8244
2185
309
6894
5028
7119
4023
8270
4997
7549
4662
3930
366
1538
1261
2781
8463
2833
964
8196
744
4285
8342
1387
2637
8669
5582
7896
1329
3294
5242
7768
9243
7295
443
3223
4611
7811
9702
7009
3263
3230
7379
9793
9804
5006
4598
1454
3532
2704
5465
7109
4687
4477
8592
2952
2737
4664
95
3117
6772
2704
7786
5424
4665
6754
6172
2378
1364
554
841
8098
1846
1611
223
6069
5897
1843
3708
2150
322
1872
7481
6729
4472
1861
8320
9104
8184
9340
356
7860
9179
6556
9841
4509
3585
1934
2293
6024
676
1701
9804
1990
7968
3066
9912
6192
7999
3362
6480
4494
6692
5681
8587
6913
1850
9281
5868
3393
8353
4976
6181
6665
2483
2107
8653
4966
1513
5571
9609
1672
6107
8013
3752
8664
7486
4737
6814
6792
1417
7905
3815
2654
3939
1089
5917
2146
47
4319
8203
7642
8910
5432
9364
9009
3779
3781
2371
9819
1984
7545
1460
6939
195
2805
4272
9198
6181
8982
4358
1287
9556
4808
3569
7862
31
6120
2993
9696
3649
412
5875
366
4498
7592
9171
5396
9975
4974
9254
5510
2695
929
6810
9795
6320
6180
7874
8442
6420
4442
9615
239
1307
3097
8565
3866
2479
2425
468
4755
1587
5789
2973
6668
5898
8821
8307
4951
7877
9636
647
4585
3903
729
5224
6232
3274
6246
4231
4827
8101
552
1930
1030
4891
7323
1853
2110
9939
6108
3607
9658
455
1535
2847
2458
8097
7909
8937
9410
1539
2786
1439
3010
1252
4725
720
7490
9470
2516
3084
7777
2249
3871
3463
9531
9475
7094
6027
3766
3743
1479
7457
2422
9724
7805
8593
9824
6125
7325
68
607
6813
7734
9196
5492
4125
1056
3727
7439
515
8404
2684
7590
9760
8242
3457
8902
9656
9724
1880
9963
6362
204
5865
8051
2848
6771
4889
3833
4420
1162
6882
8097
4780
3517
4523
6482
1878
2380
592
66
278
1042
8799
7145
3311
5390
8799
4252
9983
5569
3906
9671
4876
7624
2788
1134
7238
2291
113
8580
839
387
8569
64
1028
7711
3829
2772
7966
9592
8133
6404
5991
3067
769
1403
9511
3920
3513
4585
3780
1105
239
8958
55
2429
2755
5779
4543
4184
9976
7653
4324
5583
853
6003
3427
4544
9989
8720
1262
9049
7887
9165
8786
6243
2630
5994
3856
5897
6288
3089
2132
5921
3756
8385
3944
1999
4257
2526
5779
6950
8845
2030
4261
3493
9850
3130
7135
963
8156
9579
9781
1450
6018
6832
7557
4158
1546
5511
1661
4070
3389
4601
6540
7158
9907
2862
8885
7713
133
2238
6944
8490
3239
1006
8911
2837
7454
179
5347
6859
432
7402
8203
2690
6988
5427
1144
4969
1370
4602
1672
5943
3187
3021
4378
5577
9522
4516
8937
46
8480
2158
3610
501
3654
844
2488
9125
3701
5117
7420
1473
1584
8543
5440
6438
8738
3869
4047
4522
3794
9763
9102
7109
6540
7454
9451
998
1847
2232
4255
163
2951
3220
4764
9407
259
6723
5445
2554
1651
777
2547
3283
3809
3442
2872
301
5521
818
8560
6938
3150
8817
7159
9084
8523
394
7058
9977
5240
5791
3250
8643
4155
4838
620
2816
9429
8163
9077
9023
1418
4618
7952
6071
2734
1256
409
2032
5171
7671
9571
5052
2342
770
5648
3625
7193
5638
4404
7740
9217
3156
2290
5333
8662
1354
5857
8293
8669
5971
7315
3199
312
4074
8272
3325
4082
72
9477
185
9465
3023
7179
9464
2481
6733
487
5771
1050
7407
8437
6895
1822
6081
4309
8827
4635
5105
3944
5865
9169
9754
470
2985
9054
7983
8890
9265
104
4720
7145
8774
305
8331
1974
4441
2226
8040
7316
5954
7647
2095
1801
545
5539
5134
4626
2098
7059
4568
3178
1609
8088
7704
5469
889
8459
5780
7897
6409
7775
3018
3641
4498
9020
9828
4081
2583
8356
3626
6768
9557
8494
3944
687
7491
1431
7367
1232
1445
4181
6966
1239
3277
6839
3550
6021
1941
6468
5087
6913
562
7238
1230
9087
6461
2407
8075
2800
9169
1201
7672
9496
1693
7616
8607
4313
8993
3579
4204
2891
6565
3630
4749
432
238
9016
8883
2399
9887
492
1361
1705
6583
1518
1936
7885
7376
3340
4553
1841
8903
9867
4048
2450
194
4040
2105
124
1164
8811
8429
4193
9015
2310
2530
8825
7499
345
6860
2858
8094
2791
7188
3800
6030
3842
192
6835
4145
7342
9600
1433
4551
9558
9191
7263
5182
5436
8051
4127
7474
8826
6587
6149
7471
2058
7049
8377
9501
2357
846
916
9230
3581
1878
4342
4965
5899
7756
4186
5
9100
2490
4569
2909
7235
4698
8538
1192
9612
5276
7927
9885
3073
9757
7006
4510
5280
4027
8464
5466
2665
8457
9442
150
2909
1345
6801
3046
2150
2262
7425
2011
6201
4450
5033
7313
7911
9752
78
4493
3988
5362
1558
4760
4020
9074
1925
5749
3620
9458
3404
9261
8322
7144
1642
7568
5666
4505
5680
4421
440
661
4965
5266
5038
5404
289
9747
5675
402
7545
6268
2352
5243
3570
8829
1535
8353
8644
2722
3022
5795
4251
8694
9948
8747
6523
9535
1554
4497
5340
5714
9489
2329
6852
7963
9472
8264
9994
8006
4762
2738
3787
6311
3698
4130
3110
1106
4774
8856
7485
9407
3946
6443
7791
6197
7692
4962
9594
9794
8867
8204
9162
9322
7973
8904
8769
9831
4085
2120
6552
1814
5252
4781
236
6132
6441
7508
9385
4212
649
8734
4864
4254
1064
2027
5519
8991
7087
2008
2035
9192
8449
4328
4865
4370
650
971
2586
7251
3595
8770
6771
33
3400
9726
3511
1149
6591
3191
55
4820
6331
4222
3041
7134
9531
5459
5307
9881
2906
9504
9423
9718
8149
1239
6219
8216
6122
7903
9629
4727
3210
4151
7196
5792
1577
3327
9874
4513
8628
3504
6572
8171
9157
8624
3807
8240
3093
6689
1386
1642
4506
9953
285
2314
9929
7201
1041
5767
822
9719
8133
9971
5395
6643
1823
1155
447
5206
926
2721
704
6254
9642
1067
6038
1803
7017
2638
8420
9696
9298
5212
5782
9300
471
2743
6615
405
9460
2165
3713
6519
2574
8953
9781
8007
2235
7488
7467
8675
2074
4797
9599
5916
9768
1940
378
6505
3515
5048
9904
2348
2470
1517
4538
13
4585
3283
8355
446
8312
2654
5927
6848
1208
9903
2946
7360
3968
3571
481
2923
6780
1787
1911
8986
8378
570
614
8786
2705
961
9164
3823
4653
3585
5267
7639
4857
6841
763
3677
5188
4806
9811
5800
928
1621
6219
7421
6773
9392
7545
702
5122
3659
647
2665
519
8459
4845
7714
7174
1496
7122
2405
8967
988
876
5555
8267
4308
8004
1515
7578
4822
2473
9553
1422
4421
3275
1336
9158
24
7269
5346
3259
4560
8719
4333
5007
6341
2985
5513
2543
4034
5036
6212
3014
9690
6737
3014
9058
881
8140
3743
1610
9415
7009
3400
6998
1304
4725
9525
7178
9315
4600
9242
640
1028
8139
8704
9107
8135
9590
1915
3319
4944
2018
2919
8805
6977
8886
9307
7010
2940
6347
5062
4780
3409
9097
3214
4541
6029
774
1732
4912
3888
2702
6038
6520
4568
1242
4228
4633
7976
6459
4353
4060
2250
5232
8154
5604
3581
3298
3617
3023
838
5417
4309
7299
8558
9130
9691
5846
3812
7420
6754
4117
644
9136
3675
959
1587
820
967
5988
3299
6333
8877
956
8507
5879
7067
8730
4994
618
2
8286
7247
9472
8647
9925
8496
8720
6716
9181
8937
6827
6360
3925
692
3570
8908
5726
1297
3573
2823
4720
6671
4224
1073
215
8669
5214
9633
7470
4013
6820
6490
3802
3708
8304
7831
4526
6721
5466
3262
5677
4133
3308
3266
9141
3560
1715
7871
1894
6923
9734
7045
2322
4839
6189
1973
6363
2942
608
6084
7323
8701
7814
5584
5587
5986
9392
2410
8104
4721
6968
7633
1126
8669
6946
8563
9817
3192
9833
6339
240
8271
6857
8253
8497
4213
7334
7091
7025
6305
8164
5834
4203
6161
6231
3775
5083
7645
9650
1401
3130
6177
4554
4176
4094
5526
8920
7834
9784
9980
8076
6715
6636
477
3601
1858
2038
8222
2820
7923
1708
8438
3137
6695
7835
7878
5184
3109
894
8295
842
8298
8239
7517
9992
5536
7991
6057
3685
6075
3989
305
2626
6054
5581
7801
6413
4082
4692
6823
7830
3819
2603
2813
3293
9080
6788
6129
6754
1815
3072
5954
2349
7987
8572
5146
5705
2154
8484
7982
7811
7285
8014
6317
9920
9701
9899
7589
3205
4631
5745
6756
823
6361
441
5610
9410
8219
1999
9786
4152
3790
2353
7095
8566
3115
1565
8898
7246
4063
7671
9991
18
9286
9475
9382
5880
2313
5505
4988
6388
1486
4857
6712
2312
6814
3065
9300
5576
4475
4327
7148
2595
7021
7317
1063
8768
1002
1358
8922
5098
4749
3671
3391
4261
6129
7518
7321
7770
7992
6889
3819
3300
9071
6077
3880
4951
4655
1642
8534
2748
5178
6821
9252
8474
5660
1134
629
7101
2599
600
8260
8910
2878
8309
4407
8261
2260
7693
9160
6213
7017
7907
2194
2736
3259
7605
6253
3646
8344
679
7442
1285
1819
3118
8724
2627
3649
2614
9454
4987
2135
5662
5893
5928
7092
122
3183
8525
3270
1020
7993
1283
8393
7656
2914
309
8128
1559
3940
1340
9451
7617
3991
9980
7907
143
1389
7087
2604
9060
9446
5098
3681
2915
6553
8611
2455
712
6623
6214
5773
516
6143
9324
863
3843
9971
3528
3957
8422
584
794
3599
5503
3809
6590
2928
5619
7205
1423
3968
1179
1139
689
1844
6937
5144
9653
4011
7108
2560
3756
6763
47
7623
9516
7344
6288
744
6702
1517
6035
6787
4834
5774
1220
6909
7253
3026
3043
1156
8718
9920
3305
3417
2520
3542
4585
3145
7775
1549
3925
4811
6730
3560
9723
1971
2403
8092
453
3659
8256
3404
6557
1190
956
1204
3006
7415
8314
4076
3397
6275
1892
2651
2837
4774
5389
4285
4063
7734
212
346
1482
7298
6722
2266
3604
5851
6918
4887
9703
5367
9230
9282
3745
1672
889
3565
431
196
888
7358
2784
520
949
2927
2832
528
8767
398
9476
5598
6728
7813
6298
4704
3038
8061
4617
1275
7603
5389
774
31
1289
5034
6932
7289
7021
7264
1846
9725
8476
2023
5169
8305
3635
344
5404
5762
3307
4352
2939
1221
4709
8166
4788
8025
2534
6441
1394
2794
630
6989
17
6825
6951
1010
9145
1700
5617
985
879
5005
9269
2932
591
623
8757
5340
6724
3033
5534
2428
1755
9707
8919
1208
5043
6894
9856
9519
5395
565
3434
2673
8823
8567
3872
2519
6266
7660
3811
1842
9262
953
6424
8493
6369
4086
847
5070
4096
6085
8669
1578
2652
8764
4240
1802
5338
2519
7780
4614
9861
7006
648
1183
1794
1787
7026
8497
1193
3961
6320
2191
8765
5966
709
73
5244
1438
3888
9800
6576
8471
2905
7192
1543
903
774
2065
6422
7904
2276
5784
913
2152
9657
5931
3481
826
2269
8536
7535
9877
7693
6111
6280
9962
6484
6370
6654
4134
4585
2262
4833
9037
9258
3383
2598
1054
6231
7404
8509
1522
8937
2441
3343
3301
6325
6326
9714
2486
5851
8047
4917
6929
5441
9630
3239
7
6192
5604
2648
7107
909
142
9939
6182
3864
1643
6317
2059
7297
8803
7358
9362
8826
6134
5812
2098
4337
1942
1692
8254
4967
1783
7431
9447
8792
3697
5776
4479
4394
1010
8660
7504
5016
131
189
2884
7373
8108
9319
7218
4843
5256
5803
9085
8873
2569
7815
6799
3158
3060
7691
4567
5965
447
6900
596
6813
7148
9882
1543
3275
9226
7376
6410
3486
7509
7759
7894
1554
9119
9546
5473
7881
5171
4165
267
354
6738
8311
5893
5567
3390
8004
5258
5240
2774
3411
9518
7321
2116
1490
6403
1447
16
6853
7536
9744
9699
2399
2556
5085
763
9453
4010
3443
8086
4591
5467
7519
5248
313
5602
3488
4694
1155
4590
6722
5995
2549
5649
4297
122
3484
6595
5881
9974
1726
7238
9113
4456
734
1622
8431
9093
2380
5902
1046
5035
6529
533
2129
1526
7047
7743
2124
8547
2622
6378
3072
5983
3707
103
3340
7963
5273
6983
3923
3150
73
7981
5245
519
7425
9926
8769
1866
9496
6336
27
4656
1946
4864
6527
8653
1025
7831
9066
2635
9282
63
6377
3593
9967
3598
8600
6338
5844
7186
9835
3768
5490
9675
1579
8804
8286
9741
8907
7114
2541
187
3001
3223
2231
250
9350
505
2510
2338
3388
9195
8665
3702
3430
8759
4154
727
5998
3181
2575
2713
833
2542
908
500
8196
9520
9305
6263
9921
3974
9357
3449
7631
7612
8032
1708
5619
814
1394
6463
7335
7699
361
3057
6672
4749
5287
4587
4963
3073
300
8337
588
3395
8085
8294
2057
5573
4095
4941
2562
5926
1162
4351
8743
5330
4497
9707
1243
7732
9713
7528
943
8989
4720
362
8566
1308
3515
5287
7432
7267
8880
3882
8143
8388
2608
5638
5132
4055
3800
2975
8396
911
1943
1652
6265
7075
4608
4112
9501
2807
911
397
19
3644
3486
9397
1925
661
1441
8463
2958
6761
3485
1245
2985
7452
3518
9168
6436
7453
8963
5739
1107
5406
7030
149
286
6408
5224
9900
4223
8328
991
6203
3639
9131
4590
8098
4518
1155
6198
6522
9446
3413
1715
1929
3761
3373
975
240
6052
4636
1871
1494
7185
1376
8064
8196
5088
9502
6169
1430
2875
7844
6559
3920
416
6017
8811
1725
4448
5352
7841
2626
2117
5606
4532
3322
7348
6750
8720
6479
9930
7015
8555
2028
4154
7472
3377
1298
4704
621
7076
3080
3193
4156
8075
3721
7860
3774
6380
6024
8333
7149
265
8672
2281
4408
7063
5731
563
4028
8326
6732
9664
4580
1600
2191
5675
1137
7405
4119
6883
9330
6464
5625
9815
6204
1837
9086
8459
8297
7892
7097
8365
880
9877
3875
9995
5434
3905
3479
3151
8035
8349
3040
3984
4721
4602
3556
5798
4511
5174
8743
1815
8337
4657
4206
5565
6613
4121
8423
9175
2128
3190
6279
5332
9103
1604
3695
8990
6808
3120
9707
4379
2185
7975
9212
3036
6165
7254
7026
2503
8350
1078
6758
241
4838
8186
1342
3339
7435
1793
4948
5771
620
5272
4780
6927
1844
7986
4502
2408
3128
1770
9701
679
8355
4878
2581
764
252
8093
5602
4299
3641
226
3710
1942
8722
8666
1767
6218
8825
4848
7857
6137
3912
6915
9439
6354
4
5634
1667
1662
2953
9680
5599
7903
2423
8532
7505
7395
6348
844
7426
7745
6730
9826
6573
8924
6491
6424
269
3445
3120
2503
1428
2079
6941
419
2050
9130
3282
436
1592
4303
4155
9622
7254
1696
5125
990
1922
1429
7363
3255
7736
4731
3917
8709
7080
8330
8612
9752
1374
4312
3957
1073
87
5719
4955
7614
6656
2840
8367
3591
3198
6716
3541
672
5106
4409
7283
5912
5492
2901
6017
8157
9625
4422
5065
5431
9602
3893
2599
8529
1369
6989
9509
1785
6068
3796
4053
6949
3393
8160
2484
2416
105
9085
534
2834
1918
6788
5353
9411
8061
9369
6536
9835
4343
2972
5025
1618
9732
9210
2952
9168
7690
1950
9337
2463
6419
6297
3475
3491
2894
8013
7777
9004
5504
8025
5703
1031
2220
8024
2728
8909
740
7043
8270
5453
6856
138
7955
821
6858
2790
9441
7392
9112
7929
8507
3788
495
2510
6218
8317
7084
8805
8651
5386
3849
6337
5121
7826
8251
9967
7061
8907
12
5388
4755
483
5209
5468
4248
2899
7549
272
9731
2200
6961
3908
4149
6497
9729
8339
6175
5407
4348
2775
6624
7476
1131
1248
1519
7287
7097
625
7654
6766
8499
3852
6876
9845
9994
745
6939
2751
9948
9697
5750
6991
490
803
5971
5918
1923
3191
8626
8744
2636
4385
6830
6173
9473
2114
570
5473
8036
7210
9737
208
9779
1373
1132
7981
5943
806
3273
2237
9652
4503
2169
7070
4154
8509
9322
1827
8944
3382
4858
1602
5030
9142
5909
3146
9936
4598
4857
7930
658
1205
4449
4364
1827
3080
3599
7897
2261
6464
1214
9673
1207
3004
5736
1884
2598
2169
4885
6012
6212
6106
8345
3453
5348
974
3286
5838
4728
7101
5338
2231
9748
8500
1847
9347
7539
3248
7854
5089
7244
7526
664
5555
7292
7261
8406
971
3930
5170
453
1234
2097
6190
3967
2782
9922
3118
2085
1079
8161
7658
4829
5958
2799
5746
7360
323
273
279
4498
162
4645
8647
2854
1877
6379
7687
2635
2612
9585
3630
1077
8339
993
8243
2656
8455
5381
9420
9037
69
8729
1182
3866
3095
4923
5164
3953
9765
6611
3084
7315
5683
122
1225
7738
5095
8992
7078
2082
9863
8016
3906
8482
9225
6921
9214
8799
2842
2472
4005
8680
6793
5499
1946
652
5564
2958
7532
6025
2045
7917
5677
1181
1955
3722
6973
6430
2365
1241
6606
6822
3465
3658
8212
6260
9516
9292
9753
4393
142
3120
3900
7779
9925
9223
4299
7458
1373
2032
1340
6245
6442
52
562
9019
5565
3994
4099
3365
6794
6865
669
2642
7505
1023
2644
6169
8511
6033
3048
9624
1715
2427
3229
1775
4749
4796
8776
9603
9527
6268
515
8608
2595
4603
8441
2340
7233
4459
3238
2195
9649
2942
8590
3429
5821
304
4969
2671
7079
5999
9812
6822
6275
8374
468
8060
2476
1075
8354
4871
5176
2680
9180
4100
3573
8519
1660
1989
3980
6957
4784
2766
2294
4452
3273
2184
121
6123
6960
6051
1977
194
7542
7759
3657
331
839
8702
5161
5975
8444
5269
6331
4525
9094
562
8733
926
3014
1522
1761
3195
6108
3968
5118
7928
9126
9165
2289
1915
5752
9898
1109
2050
3692
2763
7730
6570
9998
6075
2903
4556
4562
191
1123
6489
7770
4930
6269
8167
5817
5162
4025
7769
3812
8026
3596
7259
230
6288
6632
8679
3506
6666
3451
6977
4214
8801
6398
1492
4310
5944
6998
7076
4789
5613
1875
3212
276
6927
897
6991
2548
7727
3100
6125
9532
5251
4936
1185
5576
4043
7081
8364
1320
7185
1434
9969
1374
5621
2225
4003
5431
3953
537
5398
9752
7238
7282
8088
4768
8458
4708
4769
4095
9658
1495
9797
512
7292
2896
2312
7737
6257
767
5801
4193
5586
221
7850
7123
7362
7890
7390
7922
6632
9447
7655
5480
1100
6715
7239
3851
7562
5173
4154
6863
4625
5680
2281
997
2847
65
4532
2925
5354
4183
7316
5829
7083
4505
7596
8724
2508
188
1898
1611
9004
9767
6706
6321
2715
6897
9381
4939
6969
7447
9720
403
8532
6210
7195
8031
517
378
8441
4850
7960
883
2171
6090
9096
4476
5653
2579
8112
3235
8299
2036
2309
1025
7788
170
7626
8866
7092
7156
9469
8369
5184
5998
1868
8868
2018
5607
4840
4229
9363
6447
2649
2731
8501
7649
3270
4557
3267
5547
5531
6541
9902
7779
9412
3238
7605
6416
5874
7951
141
8286
8426
3963
6263
2982
1025
6110
9757
4572
9146
3475
9213
3402
6181
3719
7461
6463
6670
9472
801
416
1048
8192
1727
3181
7526
6373
7968
8200
736
2540
3748
5708
3755
9610
6477
8607
3088
1231
1338
6487
3089
7392
3639
8422
5946
5214
3095
8332
4139
9503
1572
777
7249
2181
8344
2676
1254
8545
1718
5208
8539
8499
8858
7392
2489
4469
3532
9589
4124
4577
7779
7077
1368
8591
3094
8694
7420
9586
6848
449
2275
9219
6494
377
4192
3822
8970
9462
5748
2150
526
8907
5009
7426
6953
8308
3637
4198
9058
1051
5020
783
7255
5535
878
3768
2005
8881
4119
6057
8317
7723
4638
6981
5249
7943
206
1181
2315
6930
5663
4148
3248
3065
451
566
5508
7513
299
2832
1842
2504
5180
9785
413
7691
3460
2667
6096
6786
6782
9916
3718
7082
6691
4122
4943
977
4511
8925
6465
5144
2735
9989
9798
3111
3983
2930
2746
7000
7928
324
2039
8476
5915
4914
1737
4449
3768
4010
1069
7210
1094
9686
2690
5091
2371
2800
1228
6723
5749
7313
3782
8278
5237
8376
9674
1370
4608
7411
2818
4523
1949
9101
1379
1950
9356
2114
7032
3582
7372
7886
5440
375
6487
5041
9775
9527
1933
1171
2664
9617
5471
4678
5499
7616
4242
737
9517
4926
8189
7252
5249
9827
1960
5120
5477
3087
9961
2401
9640
3866
1524
5758
332
9906
6374
1316
3474
9845
369
3070
6488
1156
7584
352
4460
4755
9526
2898
7496
6772
6336
7194
1316
9322
7403
123
638
5003
2305
4652
420
1636
7673
8376
1702
936
2328
5364
2892
3262
4769
7855
6627
7818
9604
5419
3589
2777
5852
7299
7697
2275
7748
3228
8063
1261
412
9184
7613
5111
2955
8450
1423
5790
8874
2321
1458
4214
6790
5521
4199
3646
3630
3635
2850
3813
3089
5538
8720
339
196
8056
5827
9823
3115
7754
3610
73
6057
6005
5184
8598
9518
8525
5433
6065
8637
3630
6762
2406
7311
5509
294
7163
330
2756
480
2608
9563
3194
3601
6297
267
6709
2788
5607
5169
4384
2588
5020
4629
7884
4778
2848
1197
7671
2282
6848
5813
9063
8336
341
9719
802
6409
9314
3638
2007
5757
4332
2248
372
7784
5163
3809
1108
6857
2981
3656
8097
8431
1481
926
2221
4618
9691
565
3827
2236
7059
4308
4497
7320
8533
8283
4659
1160
4288
9989
4601
2816
3176
3812
2966
5257
4301
9328
7386
8171
2472
87
3827
4292
6167
9305
250
394
1540
2742
7793
6260
6164
1857
5794
1859
256
9989
8596
3325
7796
7874
5605
1330
2830
3277
121
4484
216
9693
1273
7739
3215
7581
5325
5489
2613
8540
4960
6677
9204
1455
9296
9376
4514
717
4671
5537
3111
7625
3446
1194
6996
1392
7817
6006
6543
1968
5042
2149
7576
6025
3301
3874
2180
4217
3340
6104
17
8204
5004
382
3761
1876
2189
1414
2405
5845
666
7123
2538
3599
4156
1553
7792
9993
1552
2115
5321
2250
8200
1135
4133
8256
7018
6668
9545
3800
3971
3864
3564
865
9329
306
3
4323
623
6898
7018
9568
7165
5948
5861
5210
1015
2971
6317
45
141
2330
5588
2150
2670
7794
9721
7043
9168
8458
1314
7480
958
3826
6099
4222
2924
5842
7451
1003
5365
6120
6907
3238
9042
1623
1652
8995
5310
843
5824
1668
9184
7098
4940
5850
8519
1502
7824
6301
2723
451
6504
3626
4652
2871
715
7565
2429
2656
9905
2124
1379
2536
871
1143
1991
5145
5524
4531
5133
1423
9632
4734
9530
5840
6756
3870
8136
9825
2694
344
5445
7372
8387
7249
5746
4058
7351
8660
6422
8745
3302
9821
8044
3824
6784
2468
5173
9335
2227
227
1185
1862
8231
7349
325
611
5811
9702
5468
8982
7882
5889
9773
4446
8318
3850
8608
7405
7763
2085
1120
7084
7088
8102
1471
493
8175
9898
2565
973
8280
2736
8775
9820
3215
3562
3480
3661
3843
8768
2116
3354
6161
2143
1196
4342
8973
7984
6692
2438
8387
8638
4889
9456
3105
4868
8756
545
1485
9647
1657
3762
8454
513
3395
9477
2704
8777
9182
3121
8771
6252
8878
1991
6849
5571
7264
2890
1340
3886
9375
8935
7399
2717
4832
928
6219
6484
7511
6282
1571
8170
1069
6165
1971
8151
615
7361
2930
292
3814
6181
8742
5658
2194
5526
3035
7872
4911
53
192
6442
7389
2987
9709
2777
3024
2405
9036
6746
4600
5895
9125
5682
1782
9448
6651
7985
3128
8784
3851
8559
6509
6221
5815
3991
951
3597
1749
597
7006
6512
62
5246
4835
7701
4574
6912
3097
1889
2910
9272
433
2942
946
7696
8566
4397
4736
312
7397
5785
7111
9907
6002
3198
870
2630
7655
3391
5480
3110
9177
6684
4269
643
2869
1950
974
9702
3079
7565
6672
4341
8090
1337
8544
6361
3034
4519
7572
1402
5978
8768
8712
9286
4314
3972
5059
2791
6943
1985
3066
1635
207
5422
7367
8781
493
3637
410
4495
8017
7863
2810
2696
6733
2764
1597
2809
4647
7861
884
2314
1605
1517
9943
192
9070
2185
4794
2080
7402
6156
6945
2470
5595
1889
4731
9781
2940
9741
9657
8407
3625
8281
4737
3409
1674
4185
8234
7207
3786
9992
770
8450
2992
5791
6190
191
2118
3820
9712
4781
9828
9805
8627
80
4722
5679
509
2433
1597
920
3205
1198
9831
9362
7960
2221
6056
7032
7603
6422
4862
6023
3826
8177
7087
4581
6093
5892
4088
3650
2393
1048
5209
8282
1497
9469
5728
9232
7263
4839
2016
5356
1229
171
8396
9631
7301
9866
1658
6032
2358
8317
8914
2460
3951
8523
4519
1549
2539
6804
9668
2828
6730
1029
6182
5376
2471
1624
8403
6732
58
2216
7715
7884
2348
5221
3703
8683
4542
8171
9435
8706
9057
1144
1685
5213
9431
1688
7921
310
8411
1726
3722
4675
9115
3162
878
9243
4686
9889
8187
561
8646
3353
7300
4191
1289
9865
4896
5439
6045
2274
1081
6599
9747
5328
8691
4092
6333
6251
3032
512
865
2379
8709
4685
9678
1552
96
5080
8724
217
7264
8437
8990
4597
3069
4227
9420
5666
4833
5199
48
8500
6529
3746
2822
6279
2398
6979
678
350
4462
5196
1212
2585
4196
752
2614
8309
5175
7751
6755
6892
4682
2939
6234
7865
2929
1720
9315
8261
6523
8944
4714
1383
6883
2673
5885
2602
6995
1538
5891
8481
3594
2199
888
8319
4764
8021
5893
9364
3341
5150
1420
1254
82
4261
4149
5070
288
553
1071
5566
6132
1921
169
8803
1908
9074
8855
2141
8030
4310
1408
4242
4929
7660
2466
6965
9061
1099
931
4251
5082
4683
1759
9937
9836
5344
5556
5553
342
435
5482
2534
9274
3037
5216
2287
2905
253
3279
4917
8093
5896
4031
6218
442
3846
2345
6026
9101
1743
8320
9236
6592
384
8229
8514
6530
9953
2393
6666
6419
5426
3348
8117
7595
929
757
7658
3307
6506
1916
5986
2224
9979
9670
9053
9500
9633
2595
7126
8717
6559
1243
947
1839
4738
5147
3415
5445
9493
6793
9513
242
876
6565
6825
5083
5834
6947
1311
4096
6410
3828
4215
5208
1120
1089
4533
9233
4885
8352
9613
5112
9030
727
9970
1926
9057
7835
3935
8805
8087
9394
2523
2236
8936
7944
183
193
5495
3493
1050
4885
1630
414
7142
6533
3045
1948
9620
4785
5680
6229
3117
4416
429
3562
4192
773
1347
8097
4739
1541
4014
3748
8537
6894
1658
9869
17
3119
3167
8096
1003
8035
2823
4870
6476
371
8014
8344
1938
270
435
3463
6005
6062
4347
7385
4838
2631
2181
1434
2403
8446
4578
16
2623
4882
220
5178
2011
6116
2784
9020
3293
8857
1650
9486
4128
6636
7315
9955
5415
8589
4784
9831
3620
7959
3588
3350
2072
6910
1099
9847
685
786
6995
2768
6644
7931
1291
233
5113
9068
7555
9639
7778
3170
9372
2493
6773
7810
8149
5328
7758
6645
8437
5782
3206
7945
2237
6295
9205
6159
3533
8247
6149
2227
8383
3413
6747
7124
3544
4311
299
8141
1829
454
4985
2309
225
4630
4690
5736
7445
6163
9522
6537
2692
9804
2202
9652
4740
6720
6600
7403
2102
9856
5615
5057
6905
7113
4201
5534
9200
1451
6576
8586
7607
5421
2408
755
7262
1418
6159
657
9713
8784
8807
1134
4792
6362
908
1493
5658
7327
1250
8775
541
7244
3157
6869
239
9883
2985
3038
8431
8148
9208
6528
1866
5760
886
7969
3665
2946
2914
6639
5144
1154
2318
4018
3626
5900
5627